


Predicting: 	Points
The prediction	[ -2.04371428e-02  -1.76287044e-02  -2.06643334e-02  -3.57482261e-02
  -3.11023633e-02  -4.07378233e-02   1.50389880e-01   1.20842332e-03
   1.61785805e-02   5.19560213e-01  -1.36658455e-02  -3.22168465e-02
   1.85911006e-01  -3.83435517e-02   9.28642233e-03  -3.85233454e-02
   6.02077783e-01  -7.70714209e-03  -4.07360996e-02   1.28244980e-01
   6.05053157e-02  -2.97326779e-02  -2.34873683e-02  -1.50660622e-02
  -3.81795228e-02   1.71231074e-01  -1.17721926e-04  -4.03715857e-02
  -3.41662114e-03  -2.92894435e-02  -2.94033878e-02  -3.90151826e-02
  -1.81544775e-02  -3.13307833e-02   1.51636966e-01   1.63873778e-02
  -3.71580408e-02  -3.61429675e-02   4.92259972e-01   4.04016378e-01
  -3.65316723e-02   1.06883934e-01  -1.52883682e-02   6.96277380e-02
   7.39520540e-02   1.76774041e+00  -5.79555062e-02   8.50478132e-02
  -3.62769604e-02  -3.67773226e-02  -2.87063277e-02   5.59957660e-02
  -2.27749050e-03  -3.57736933e-02  -1.61175007e-02  -3.82618919e-02
  -3.97673553e-02  -1.37306800e-02   4.70771565e-02  -3.14208399e-02
  -3.72977092e-02  -3.63504258e-02   8.22063693e-03  -2.47368567e-02
   1.15043608e-01  -3.93123393e-02   5.12128016e+00  -3.69614693e-02
  -2.79954511e-02   2.03420341e-01  -3.50517830e-02   1.03847248e-02
   2.31240403e-01   6.83547552e-02   5.74590378e-01  -3.78356042e-02
   3.48592163e-01  -2.82189774e-02  -3.82618960e-02  -1.94910517e-02
  -2.40266880e-02   2.00729617e-01   7.83128227e-02  -3.10916208e-03
   7.31311102e-01  -3.44889517e-02  -3.43889719e-02   4.90134357e-01
  -3.70845004e-02  -2.37792869e-02  -3.98283159e-02  -2.90042211e-02
  -3.63040934e-02  -3.60227810e-02   6.60804852e-02   2.59515411e-02
  -3.65438781e-02  -3.76244909e-02  -2.91306037e-02   2.57632691e+00
   2.93363286e-01  -3.69387824e-02  -3.52912744e-02  -3.99579421e-02
  -4.07377903e-02  -3.62754754e-02   9.24412146e-02  -3.57780093e-02
   2.03481436e-01  -3.33486325e-02   1.08338136e-02  -3.16970347e-02
   6.69073841e-01  -3.98980043e-02  -3.62149187e-02   7.57173192e-03
   9.12946864e-02   1.48041371e-01   5.47872576e-02   5.44078772e-01
  -1.83207018e-02   6.80619567e-02  -3.80492665e-02  -3.59479398e-02
  -4.07069178e-02  -3.47587330e-02  -4.07374039e-02  -3.79221354e-02
   3.19135676e-03   7.66147651e-02  -2.66121083e-02  -3.69614693e-02
  -2.97439281e-02  -3.81022283e-02   1.44917961e-01  -2.81307069e-02
  -3.19133551e-02   6.15066245e-01   1.08241848e-01   4.23547795e-01
  -2.65506359e-02  -1.72256624e-02  -3.69523562e-02  -2.20859228e-02
  -2.89329424e-02  -3.93659148e-02  -1.54189788e-02  -3.64265728e-02
  -3.58815523e-02   1.11376265e-01  -3.41878239e-02  -1.25132368e-03
  -4.07378477e-02   5.19518260e-02  -1.20909056e-02  -3.67517437e-02
  -3.41385145e-02  -6.99650923e-04  -3.70011613e-02  -3.69593707e-02
   3.78937672e-01   2.05843127e-02  -3.70217264e-02  -1.75333156e-02
   8.81264302e-04  -1.90290742e-02  -1.67814735e-02   4.16537088e-03
  -5.69207311e-02  -9.77431513e-03  -3.84715927e-02  -2.29281579e-02
  -2.42720873e-02   5.48177588e-03  -3.80972123e-02  -3.76401925e-02
  -3.43475766e-02  -3.07818648e-02  -3.50891385e-02  -3.38221780e-02
  -2.89211875e-02   2.65427226e-01  -4.06685392e-02  -4.31850526e-02
  -4.00947262e-02  -3.65132461e-03   5.46515985e-02   2.26367821e-03
  -4.05945752e-02  -2.53036741e-02   2.62568972e-03  -1.00620409e-02
  -5.29904970e-03  -3.33204521e-02   4.62034785e-02  -4.03564206e-02
  -3.90896563e-02  -3.64988524e-02   5.25059174e-02  -3.98043951e-02
  -3.83819267e-02  -1.60923677e-03  -7.62999961e-03  -3.56388726e-02
  -3.90380670e-02   4.67106515e-02   2.89683175e-01  -3.84360674e-02
   2.48355513e-01  -3.80815724e-02   8.56113431e-03  -5.29615433e-02
   1.84245069e-01  -2.00735321e-02  -1.67807400e-02  -4.00496191e-02
   4.29294467e-01  -3.82378157e-02   4.63244427e-01   1.65822317e-01
  -3.69593390e-02   2.41952985e-01  -3.67930618e-02   3.97470552e-02
  -3.19961294e-02  -3.04121746e-02   2.53146193e-02   3.93855615e-01
  -3.42398509e-02  -3.61945437e-02  -2.49643424e-03  -3.68688029e-02
  -3.69138363e-02  -3.45702508e-02   1.99967056e-01  -1.49727729e-02
  -4.06700581e-02   2.03532963e-02  -4.03568240e-02   7.48375031e-02
   1.10348472e+00   1.00617203e-01   3.51901750e-01   3.76652585e+00
  -3.23415957e-02  -3.53665386e-02]
Mean^2 Error Avg	1.20762113093
Variances Avg	-0.339428929675